go run streaming.go
5
1325338338022 320412 160
1325338361231 441201 320
1325338341231 474123 96
1325338312302 234123 312
1325338331141 623132 147
5
1325300000000 1325400000000
1325338300000 1325338500000
1325338336412 1325338339612
1325338312302 1325338341231
1325338320000 1325338340000

go run streaming.go
9
10 8 1
7 2 1
3 2 1
5 2 1
6 2 1
7 2 1
8 2 1
4 2 1
9 2 1
1
4 7
Correct answer is 0.011

go run streaming.go
5
30 10 1
80 10 1
75 55 1
53 6 1
95 90 1
1
80 90
Correct answer is 0.010

go run streaming.go
5
1325338338022 320412 160
1325338361231 441201 320
1325338341231 474123 96
1325338312302 234123 312
1325338331141 623132 147
1
1325300000000 1325400000000
Correct answer is 402612.828

go run streaming.go
16
60 59 1
40 39 1
60 20 1
20 19 1
70 10 1
30 29 1
70 20 1
50 20 1
40 10 1
50 10 1
45 10 1
1 0 1
30 0 1
40 0 1
50 0 1
60 0 1
1
30 50
Corrects answer is 0.090

go run streaming.go
2
4 2 1
5 3 1
1
5 8

go run streaming.go
2
8 2 1
8 3 1
1
2 5
