go run streaming.go
5
1325338338022 320412 160
1325338361231 441201 320
1325338341231 474123 96
1325338312302 234123 312
1325338331141 623132 147
1
1325300000000 1325400000000
402612.828

go run streaming.go
5
1325338338022 320412 160
1325338361231 441201 320
1325338341231 474123 96
1325338312302 234123 312
1325338331141 623132 147
1
1325338300000 1325338500000
38051.567

go run streaming.go
5
1325338338022 320412 160
1325338361231 441201 320
1325338341231 474123 96
1325338312302 234123 312
1325338331141 623132 147
1
1325338336412 1325338339612
1588.800

go run streaming.go
5
1325338338022 320412 160
1325338361231 441201 320
1325338341231 474123 96
1325338312302 234123 312
1325338331141 623132 147
1
1325338312302 1325338341231
18918.997

go run streaming.go
5
1325338338022 320412 160
1325338361231 441201 320
1325338341231 474123 96
1325338312302 234123 312
1325338331141 623132 147
1
1325338320000 1325338340000
12841.247
